Request body:
{
  "texts": [
    "I love this so much"
  ]
}



Response body:
{
  "count": 1,
  "dim": 384,
  "embeddings": [
    [
      -0.07858613133430481,
      0.010210120119154453,
      0.04770497977733612,
      0.00025724395527504385,
      -0.0001638009853195399,
      0.008066752925515175,
      0.06489695608615875,
      -0.03059997595846653,
      0.10069599002599716,
      -0.025545848533511162,
      -0.027727922424674034,
      0.056969497352838516,
      0.018933136016130447,
      0.035548437386751175,
      -0.04392186179757118,
      0.02604701928794384,
      0.010435646399855614,
      0.013609809800982475,
      -0.12426719814538956,
      0.05732749402523041,
      -0.10483516752719879,
      -0.08793940395116806,
      0.03775286674499512,
      0.027159838005900383,
      0.005167732946574688,
      0.011200958862900734,
      -0.005621606484055519,
      -0.033316344022750854,
      -0.04546047002077103,
      -0.09183940291404724,
      -0.06596428900957108,
      0.026240797713398933,
      0.06001516804099083,
      -0.02448878437280655,
      -0.0696740373969078,
      -0.014935950748622417,
      0.013258199207484722,
      0.024402279406785965,
      -0.03786157816648483,
      0.06909336149692535,
      0.009123964235186577,
      -0.029172975569963455,
      0.048362307250499725,
      0.030608907341957092,
      -0.0970655009150505,
      0.031440187245607376,
      -0.010501534678041935,
      -0.007759130094200373,
      0.1011311411857605,
      0.04518832638859749,
      -0.011189086362719536,
      -0.009273668751120567,
      0.008803525008261204,
      -0.08616777509450912,
      0.020625604316592216,
      0.06778590381145477,
      0.006132578477263451,
      -0.0372144989669323,
      0.02043841779232025,
      0.016557320952415466,
      0.057318251579999924,
      0.08611151576042175,
      0.037673577666282654,
      -0.06299859285354614,
      0.0020268859807401896,
      0.025229763239622116,
      0.04142178222537041,
      0.007121168542653322,
      -0.01383823249489069,
      0.03620019555091858,
      -0.08358597010374069,
      0.03902484104037285,
      -0.036461830139160156,
      0.000997172319330275,
      0.01825079880654812,
      0.09611763805150986,
      -0.008622254244983196,
      -0.019331855699419975,
      0.07298979163169861,
      0.019878726452589035,
      -0.010113740339875221,
      0.03504899516701698,
      0.015396769158542156,
      0.01966916397213936,
      -0.05098211392760277,
      -0.014568142592906952,
      0.015771038830280304,
      0.038718387484550476,
      0.017348231747746468,
      -0.04990296810865402,
      -0.073292076587677,
      -0.006586862727999687,
      0.06394282728433609,
      -0.02510112151503563,
      -0.08334892243146896,
      0.03207356482744217,
      0.012744552455842495,
      -0.06482880562543869,
      -0.022853272035717964,
      0.0850854367017746,
      -0.05266780033707619,
      -0.08291877806186676,
      0.041365403681993484,
      0.029842890799045563,
      -0.01765408180654049,
      0.0180676206946373,
      -0.05827751383185387,
      0.006599246524274349,
      0.02773350290954113,
      -0.07913143187761307,
      -0.005178516730666161,
      -0.05346357822418213,
      0.06988856941461563,
      -0.0014353067381307483,
      -0.007453042548149824,
      -0.04318872466683388,
      0.008076556026935577,
      0.022344784811139107,
      -0.013506985269486904,
      0.010860303416848183,
      0.023752272129058838,
      0.006097516976296902,
      -0.01654338464140892,
      -0.014563720673322678,
      -0.01944359764456749,
      -0.05797694995999336,
      -0.07153043895959854,
      2.675902687051548e-33,
      0.048470038920640945,
      0.024345604702830315,
      0.0663885846734047,
      0.02547682262957096,
      0.08695732057094574,
      -0.031534213572740555,
      0.014962499961256981,
      0.01795901544392109,
      -0.06486834585666656,
      -0.09494171291589737,
      -0.05746294558048248,
      0.014820020645856857,
      -0.01701170764863491,
      0.0526910275220871,
      -0.09060046821832657,
      -0.1379266083240509,
      -0.05745348706841469,
      -0.008788294158875942,
      0.10903173685073853,
      -0.029990531504154205,
      0.01541116088628769,
      -0.09023135155439377,
      -0.0674794465303421,
      -0.0023814861197024584,
      0.006639779545366764,
      -0.020865127444267273,
      -0.007360530085861683,
      -0.06547058373689651,
      -0.029972754418849945,
      0.04157950356602669,
      0.023183051496744156,
      0.030553659424185753,
      0.0026776441372931004,
      -0.028433993458747864,
      -0.017592379823327065,
      -0.021601196378469467,
      -0.01319046225398779,
      -0.008751695044338703,
      0.023585325106978416,
      -0.012988368049263954,
      -0.0002592005184851587,
      -0.038983311504125595,
      -0.03229188174009323,
      0.03911522403359413,
      -0.05668957158923149,
      0.0034529927652329206,
      -0.019523179158568382,
      0.03746030107140541,
      0.08720012754201889,
      0.0307010468095541,
      0.031855445355176926,
      -0.023019110783934593,
      -0.05260416120290756,
      0.06279052048921585,
      0.021555867046117783,
      -0.053027667105197906,
      0.044407159090042114,
      0.015477168373763561,
      0.05922238528728485,
      -0.04520487040281296,
      0.07960649579763412,
      0.023029226809740067,
      0.017145667225122452,
      0.032452430576086044,
      0.0018973499536514282,
      -0.011722158640623093,
      0.013861359097063541,
      0.0774473249912262,
      -0.051298413425683975,
      -0.050896041095256805,
      -0.12037403136491776,
      0.06233009323477745,
      -0.0377480648458004,
      -0.06965997815132141,
      0.0307502131909132,
      -0.028596002608537674,
      0.04816431552171707,
      0.007423547562211752,
      -0.024914314970374107,
      -0.07240954786539078,
      -0.040982820093631744,
      -0.021575462073087692,
      0.06917617470026016,
      -0.016155799850821495,
      0.08510125428438187,
      -0.10933427512645721,
      0.021376680582761765,
      -0.03259536251425743,
      -0.023017726838588715,
      0.12333520501852036,
      -0.014707503840327263,
      -0.019474275410175323,
      0.08722306042909622,
      -0.08878614753484726,
      -0.053917158395051956,
      -2.8192371417320405e-33,
      0.09912843257188797,
      0.002165996702387929,
      0.020515961572527885,
      0.021480267867445946,
      0.024153748527169228,
      -0.08009842783212662,
      0.03468996658921242,
      0.0470832996070385,
      0.03953893110156059,
      0.13230270147323608,
      0.04636704921722412,
      -0.021076146513223648,
      -0.00345882261171937,
      -0.02846813015639782,
      0.04189099743962288,
      0.017074843868613243,
      0.10225381702184677,
      -0.019861016422510147,
      -0.07487258315086365,
      0.03624967113137245,
      -0.0013234114740043879,
      0.032295797020196915,
      0.015187790617346764,
      0.03744036331772804,
      -0.054193802177906036,
      -0.0006163048674352467,
      0.0876755490899086,
      0.05952701345086098,
      0.029436292126774788,
      0.032364655286073685,
      -0.009844249114394188,
      -0.08294117450714111,
      0.009137887507677078,
      -0.08626363426446915,
      -0.09222394973039627,
      0.0617530532181263,
      -0.009939118288457394,
      -0.03694084659218788,
      -0.06047911196947098,
      -0.012812132015824318,
      0.011551537550985813,
      -0.027894601225852966,
      -0.006068945396691561,
      0.03451782837510109,
      0.042645413428545,
      -0.026695843786001205,
      -0.028891650959849358,
      -0.049916986376047134,
      -0.06294580549001694,
      0.09155558049678802,
      -0.02346779592335224,
      -0.03779083862900734,
      0.02063075453042984,
      -0.022601937875151634,
      -0.0266497191041708,
      0.013674737885594368,
      0.06745520234107971,
      -0.03847016021609306,
      0.06598763167858124,
      0.02523980475962162,
      -0.009294663555920124,
      0.04730610549449921,
      -0.04300514981150627,
      -0.0005237080622464418,
      0.04851849377155304,
      0.0312964990735054,
      -0.0053454069420695305,
      -0.007694939151406288,
      -0.020311912521719933,
      -0.006161590106785297,
      -0.03483780473470688,
      0.015263933688402176,
      -0.1252467781305313,
      0.005951428320258856,
      0.03139876201748848,
      -0.027668599039316177,
      -0.02493440732359886,
      -0.04040523245930672,
      -0.00789821706712246,
      0.00893610529601574,
      0.05368778854608536,
      0.005374389700591564,
      0.03464819863438606,
      0.08299455046653748,
      0.02384108491241932,
      0.15691131353378296,
      -0.10452495515346527,
      0.03342774882912636,
      -0.059466272592544556,
      0.010533640161156654,
      -0.029164114966988564,
      0.06525342166423798,
      -0.0003899096918758005,
      -0.06109274923801422,
      0.07588338851928711,
      -2.2571560620576747e-8,
      -0.0798986479640007,
      0.031175941228866577,
      0.014600402675569057,
      -0.0679551437497139,
      0.11264540255069733,
      0.10478687286376953,
      0.06311358511447906,
      -0.1199619397521019,
      -0.018810803070664406,
      -0.00326156266964972,
      0.07340097427368164,
      0.009612977504730225,
      0.026457911357283592,
      0.02136143669486046,
      0.03113199584186077,
      -0.013516906648874283,
      0.01814815029501915,
      0.07270229607820511,
      0.035460103303194046,
      -0.007890097796916962,
      -0.0432853139936924,
      -0.08439324051141739,
      0.04027603939175606,
      -0.0023244721814990044,
      -0.02340886741876602,
      0.07245685905218124,
      -0.08618558198213577,
      0.027041101828217506,
      0.00010221992852166295,
      0.050263430923223495,
      0.006020464934408665,
      -0.014785879291594028,
      -0.08000674843788147,
      -0.05792438983917236,
      0.05970745161175728,
      0.06576140224933624,
      -0.07494807988405228,
      0.05799255147576332,
      0.10246188938617706,
      -0.02057071588933468,
      -0.050940532237291336,
      -0.012405822984874249,
      0.09517836570739746,
      0.03531848266720772,
      -0.04899396374821663,
      0.019238503649830818,
      0.06034645065665245,
      0.009573508985340595,
      0.01849796622991562,
      0.05837897211313248,
      -0.060715485364198685,
      -0.0695285052061081,
      0.08427855372428894,
      0.12214265018701553,
      -0.01013745367527008,
      0.030687134712934494,
      -0.05645142123103142,
      0.02964617870748043,
      0.06359396874904633,
      0.054859455674886703,
      0.01846318319439888,
      0.13272859156131744,
      -0.019445428624749184,
      -0.025872811675071716
    ]
  ]
}
